chr20	0	1000000	0.505614	0.433661	256114	219346	214315	249500	60725	0	1000000
chr20	1000000	2000000	0.551156	0.448844	275765	225015	223829	275391	0	0	1000000
chr20	2000000	3000000	0.550669	0.449331	273396	224586	224745	277273	0	0	1000000
chr20	3000000	4000000	0.531512	0.468488	265299	234592	233896	266213	0	0	1000000
chr20	4000000	5000000	0.555793	0.444207	277857	220610	223597	277936	0	0	1000000
chr20	5000000	6000000	0.566037	0.433963	282734	216439	217524	283303	0	0	1000000
chr20	6000000	7000000	0.604608	0.395392	293817	193114	202278	310791	0	0	1000000
chr20	7000000	8000000	0.630506	0.369494	312792	186067	183427	317714	0	0	1000000
chr20	8000000	9000000	0.618992	0.381008	303912	189165	191843	315080	0	0	1000000
chr20	9000000	10000000	0.607527	0.392473	301974	194149	198324	305553	0	0	1000000
chr20	10000000	11000000	0.596461	0.403539	294900	200675	202864	301561	0	0	1000000
chr20	11000000	12000000	0.615601	0.384399	307164	192259	192140	308437	0	0	1000000
chr20	12000000	13000000	0.612811	0.387189	304664	194108	193081	308147	0	0	1000000
chr20	13000000	14000000	0.602152	0.397848	310645	203214	194634	291507	0	0	1000000
chr20	14000000	15000000	0.628108	0.371892	299348	180390	191502	328760	0	0	1000000
chr20	15000000	16000000	0.614489	0.385511	300846	190240	195271	313643	0	0	1000000
chr20	16000000	17000000	0.592709	0.407291	303379	205858	201433	289330	0	0	1000000
chr20	17000000	18000000	0.563707	0.436293	288025	219679	216614	275682	0	0	1000000
chr20	18000000	19000000	0.573339	0.426661	279345	209549	217112	293994	0	0	1000000
chr20	19000000	20000000	0.565821	0.434179	277262	214377	219802	288559	0	0	1000000
chr20	20000000	21000000	0.581707	0.418293	295471	210593	207700	286236	0	0	1000000
chr20	21000000	22000000	0.585858	0.414142	282201	204162	209980	303657	0	0	1000000
chr20	22000000	23000000	0.586989	0.413011	292081	206570	206441	294908	0	0	1000000
chr20	23000000	24000000	0.549214	0.450786	271622	226045	224741	277592	0	0	1000000
chr20	24000000	25000000	0.548541	0.451459	275642	227725	223734	272899	0	0	1000000
chr20	25000000	26000000	0.546050	0.453950	274187	229936	224014	271863	0	0	1000000
chr20	26000000	27000000	0.571018	0.371343	283314	172036	199307	287704	57639	0	1000000
chr20	27000000	28000000	0.607205	0.392395	298769	172482	219913	308436	400	0	1000000
chr20	28000000	29000000	0.597951	0.369513	293878	170428	199085	304073	32536	0	1000000
chr20	29000000	30000000	0.604466	0.390938	306219	190160	200778	298247	4596	0	1000000
chr20	30000000	31000000	0.515919	0.352921	257086	176722	176199	258833	131160	0	1000000
chr20	31000000	32000000	0.492498	0.404996	260328	186457	218539	232170	102506	0	1000000
chr20	32000000	33000000	0.515818	0.484182	250526	240619	243563	265292	0	0	1000000
chr20	33000000	34000000	0.522685	0.477315	256576	238528	238787	266109	0	0	1000000
chr20	34000000	35000000	0.551082	0.448918	272232	224416	224502	278850	0	0	1000000
chr20	35000000	36000000	0.545971	0.454029	276755	227198	226831	269216	0	0	1000000
chr20	36000000	37000000	0.512464	0.487188	256232	241531	245657	256232	348	0	1000000
chr20	37000000	38000000	0.533697	0.466303	252558	234275	232028	281139	0	0	1000000
chr20	38000000	39000000	0.540183	0.459817	263194	226640	233177	276989	0	0	1000000
chr20	39000000	40000000	0.585872	0.414128	287601	203393	210735	298271	0	0	1000000
chr20	40000000	41000000	0.575527	0.424473	296938	216164	208309	278589	0	0	1000000
chr20	41000000	42000000	0.569126	0.430874	280307	215321	215553	288819	0	0	1000000
chr20	42000000	43000000	0.577617	0.422383	294741	214228	208155	282876	0	0	1000000
chr20	43000000	44000000	0.545349	0.454651	273056	227454	227197	272293	0	0	1000000
chr20	44000000	45000000	0.534950	0.465050	269670	233211	231839	265280	0	0	1000000
chr20	45000000	46000000	0.557207	0.442793	272905	222873	219920	284302	0	0	1000000
chr20	46000000	47000000	0.535326	0.464674	265076	231663	233011	270250	0	0	1000000
chr20	47000000	48000000	0.534751	0.465249	265482	231833	233416	269269	0	0	1000000
chr20	48000000	49000000	0.521950	0.478050	267231	245309	232741	254719	0	0	1000000
chr20	49000000	50000000	0.539301	0.460699	269892	230055	230644	269409	0	0	1000000
chr20	50000000	51000000	0.512198	0.487802	252562	242206	245596	259636	0	0	1000000
chr20	51000000	52000000	0.534063	0.465937	272627	233510	232427	261436	0	0	1000000
chr20	52000000	53000000	0.589382	0.410618	289548	203088	207530	299834	0	0	1000000
chr20	53000000	54000000	0.571434	0.428566	285235	214847	213719	286199	0	0	1000000
chr20	54000000	55000000	0.605257	0.394743	296648	194000	200743	308609	0	0	1000000
chr20	55000000	56000000	0.619781	0.380219	306616	191267	188952	313165	0	0	1000000
chr20	56000000	57000000	0.550051	0.449949	279006	226085	223864	271045	0	0	1000000
chr20	57000000	58000000	0.507976	0.492024	252832	245548	246476	255144	0	0	1000000
chr20	58000000	59000000	0.537445	0.462555	273393	231389	231166	264052	0	0	1000000
chr20	59000000	60000000	0.549750	0.450250	264471	221320	228930	285279	0	0	1000000
chr20	60000000	61000000	0.568152	0.431848	277228	214594	217254	290924	0	0	1000000
chr20	61000000	62000000	0.494145	0.505855	243350	251770	254085	250795	0	0	1000000
chr20	62000000	63000000	0.435784	0.564216	217679	280699	283517	218105	0	0	1000000
chr20	63000000	64000000	0.427742	0.572258	213730	289070	283188	214012	0	0	1000000
chr20	64000000	64444167	0.352543	0.399802	71313	85281	92298	85275	110000	0	444167
