chr16	0	1000000	0.422315	0.567685	212031	283149	284536	210284	10000	0	1000000
chr16	1000000	2000000	0.422333	0.577667	211258	288764	288903	211075	0	0	1000000
chr16	2000000	3000000	0.449012	0.550988	219396	273671	277317	229616	0	0	1000000
chr16	3000000	4000000	0.511297	0.488703	258876	244316	244387	252421	0	0	1000000
chr16	4000000	5000000	0.484955	0.515045	244835	259444	255601	240120	0	0	1000000
chr16	5000000	6000000	0.543052	0.456948	257478	221374	235574	285574	0	0	1000000
chr16	6000000	7000000	0.586973	0.413027	282402	199551	213476	304571	0	0	1000000
chr16	7000000	8000000	0.588363	0.411637	285645	202742	208895	302718	0	0	1000000
chr16	8000000	9000000	0.555818	0.444182	284043	223375	220807	271775	0	0	1000000
chr16	9000000	10000000	0.567958	0.432042	278069	213201	218841	289889	0	0	1000000
chr16	10000000	11000000	0.545735	0.454265	275692	229131	225134	270043	0	0	1000000
chr16	11000000	12000000	0.516667	0.483333	262529	243020	240313	254138	0	0	1000000
chr16	12000000	13000000	0.541146	0.458854	259309	226073	232781	281837	0	0	1000000
chr16	13000000	14000000	0.580269	0.419731	288994	210245	209486	291275	0	0	1000000
chr16	14000000	15000000	0.553077	0.446923	276582	222511	224412	276495	0	0	1000000
chr16	15000000	16000000	0.537598	0.462402	271301	233109	229293	266297	0	0	1000000
chr16	16000000	17000000	0.541936	0.458064	252882	224590	233474	289054	0	0	1000000
chr16	17000000	18000000	0.565353	0.434647	286931	220817	213830	278422	0	0	1000000
chr16	18000000	19000000	0.523644	0.426356	275294	217852	208504	248350	50000	0	1000000
chr16	19000000	20000000	0.550859	0.449141	269663	222457	226684	281196	0	0	1000000
chr16	20000000	21000000	0.572584	0.427416	284526	213971	213445	288058	0	0	1000000
chr16	21000000	22000000	0.560323	0.439677	278617	219049	220628	281706	0	0	1000000
chr16	22000000	23000000	0.559488	0.440512	275468	216235	224277	284020	0	0	1000000
chr16	23000000	24000000	0.549227	0.450773	276241	227050	223723	272986	0	0	1000000
chr16	24000000	25000000	0.562210	0.437790	279297	217702	220088	282913	0	0	1000000
chr16	25000000	26000000	0.574426	0.425574	276546	210291	215283	297880	0	0	1000000
chr16	26000000	27000000	0.581985	0.418015	297608	209066	208949	284377	0	0	1000000
chr16	27000000	28000000	0.523462	0.476538	265790	240416	236122	257672	0	0	1000000
chr16	28000000	29000000	0.506588	0.493412	256284	249018	244394	250304	0	0	1000000
chr16	29000000	30000000	0.509919	0.490081	252010	243402	246679	257909	0	0	1000000
chr16	30000000	31000000	0.493954	0.506046	247959	251618	254428	245995	0	0	1000000
chr16	31000000	32000000	0.540563	0.459437	265383	227320	232117	275180	0	0	1000000
chr16	32000000	33000000	0.583713	0.416287	287109	206679	209608	296604	0	0	1000000
chr16	33000000	34000000	0.516044	0.383956	261981	192784	191172	254063	100000	0	1000000
chr16	34000000	35000000	0.552180	0.343123	264888	175104	168019	287292	104697	0	1000000
chr16	35000000	36000000	0.591704	0.408296	298486	201876	206420	293218	0	0	1000000
chr16	36000000	37000000	0.583399	0.365959	270457	172270	193689	312942	50642	0	1000000
chr16	37000000	38000000	0.604922	0.394778	279812	180198	214580	325110	300	0	1000000
chr16	38000000	39000000	0.165850	0.108070	77094	49569	58501	88756	726080	0	1000000
chr16	39000000	40000000	0.000000	0.000000	0	0	0	0	1000000	0	1000000
chr16	40000000	41000000	0.000000	0.000000	0	0	0	0	1000000	0	1000000
chr16	41000000	42000000	0.000000	0.000000	0	0	0	0	1000000	0	1000000
chr16	42000000	43000000	0.000000	0.000000	0	0	0	0	1000000	0	1000000
chr16	43000000	44000000	0.000000	0.000000	0	0	0	0	1000000	0	1000000
chr16	44000000	45000000	0.000000	0.000000	0	0	0	0	1000000	0	1000000
chr16	45000000	46000000	0.000000	0.000000	0	0	0	0	1000000	0	1000000
chr16	46000000	47000000	0.357652	0.261666	190591	131520	130146	167061	380682	0	1000000
chr16	47000000	48000000	0.602999	0.397001	300125	197338	199663	302874	0	0	1000000
chr16	48000000	49000000	0.563296	0.436704	279588	217827	218877	283708	0	0	1000000
chr16	49000000	50000000	0.529926	0.470074	276361	240246	229828	253565	0	0	1000000
chr16	50000000	51000000	0.541177	0.458823	258437	223481	235342	282740	0	0	1000000
chr16	51000000	52000000	0.583136	0.416864	290166	208905	207959	292970	0	0	1000000
chr16	52000000	53000000	0.605055	0.394945	309714	200915	194030	295341	0	0	1000000
chr16	53000000	54000000	0.599846	0.400154	288889	197511	202643	310957	0	0	1000000
chr16	54000000	55000000	0.565284	0.434716	282342	216230	218486	282942	0	0	1000000
chr16	55000000	56000000	0.563577	0.436423	287213	218690	217733	276364	0	0	1000000
chr16	56000000	57000000	0.548658	0.451342	275042	226586	224756	273616	0	0	1000000
chr16	57000000	58000000	0.503946	0.496054	249423	249055	246999	254523	0	0	1000000
chr16	58000000	59000000	0.555725	0.444275	273475	222932	221343	282250	0	0	1000000
chr16	59000000	60000000	0.627203	0.372797	306792	184268	188529	320411	0	0	1000000
chr16	60000000	61000000	0.634069	0.365931	317350	182236	183695	316719	0	0	1000000
chr16	61000000	62000000	0.638278	0.361722	322481	182367	179355	315797	0	0	1000000
chr16	62000000	63000000	0.630466	0.369534	309067	183310	186224	321399	0	0	1000000
chr16	63000000	64000000	0.638972	0.361028	323073	179963	181065	315899	0	0	1000000
chr16	64000000	65000000	0.629223	0.370777	314356	185297	185480	314867	0	0	1000000
chr16	65000000	66000000	0.588575	0.411425	300641	207661	203764	287934	0	0	1000000
chr16	66000000	67000000	0.529820	0.470180	278357	238635	231545	251463	0	0	1000000
chr16	67000000	68000000	0.494021	0.505979	244836	252586	253393	249185	0	0	1000000
chr16	68000000	69000000	0.535041	0.464959	254712	228477	236482	280329	0	0	1000000
chr16	69000000	70000000	0.556361	0.443639	268694	219897	223742	287667	0	0	1000000
chr16	70000000	71000000	0.524183	0.475817	260897	235368	240449	263286	0	0	1000000
chr16	71000000	72000000	0.573527	0.426473	297252	216603	209870	276275	0	0	1000000
chr16	72000000	73000000	0.588602	0.411398	300203	206580	204818	288399	0	0	1000000
chr16	73000000	74000000	0.576418	0.423582	296215	213642	209940	280203	0	0	1000000
chr16	74000000	75000000	0.562885	0.437115	294022	221021	216094	268863	0	0	1000000
chr16	75000000	76000000	0.559883	0.440117	279042	220452	219665	280841	0	0	1000000
chr16	76000000	77000000	0.635150	0.364850	310709	179323	185527	324441	0	0	1000000
chr16	77000000	78000000	0.585046	0.414954	296042	210592	204362	289004	0	0	1000000
chr16	78000000	79000000	0.574227	0.425773	273173	208592	217181	301054	0	0	1000000
chr16	79000000	80000000	0.573038	0.426962	283188	213734	213228	289850	0	0	1000000
chr16	80000000	81000000	0.586181	0.413819	312048	211118	202701	274133	0	0	1000000
chr16	81000000	82000000	0.524014	0.475986	254189	235924	240062	269825	0	0	1000000
chr16	82000000	83000000	0.581319	0.418681	284523	203826	214855	296796	0	0	1000000
chr16	83000000	84000000	0.562246	0.437754	279418	217981	219773	282828	0	0	1000000
chr16	84000000	85000000	0.509417	0.490583	257004	244780	245803	252413	0	0	1000000
chr16	85000000	86000000	0.461855	0.538145	222191	265663	272482	239664	0	0	1000000
chr16	86000000	87000000	0.512436	0.487564	253415	244521	243043	259021	0	0	1000000
chr16	87000000	88000000	0.492078	0.507922	254826	255251	252671	237252	0	0	1000000
chr16	88000000	89000000	0.427991	0.572008	212012	282761	289247	215979	1	0	1000000
chr16	89000000	90000000	0.458137	0.541863	229390	273564	268299	228747	0	0	1000000
chr16	90000000	90338345	0.358761	0.316127	58069	52503	54457	63316	110000	0	338345
